# This file contains vdT and corresponding edge winding numbers at 0 gap and pi gap for phi1_ex=2, phi2_ex=np.pi*2/3
# The system is a 30x30 system with dense grid (150,)
vdT 0_gap pi_gap
0.4000000059604645, 0.9929942488670349, 0.9929942488670349
0.8689655065536499, 0.9929941892623901, 0.9929942488670349
1.3379310369491577, 0.9929937124252319, 0.9929942488670349
1.8068965673446655, 0.9980536699295044, 0.9929942488670349
2.275862216949463, 0.9788339138031006, 0.9929942488670349
2.7448277473449707, 0.9649016261100769, 0.9929942488670349
3.2137932777404785, 0.9927302598953247, 0.9929942488670349
3.6827588081359863, 0.9927337169647217, 0.9929942488670349
4.151724338531494, 0.9889951348304749, 0.9929942488670349
4.620689868927002, 0.9929953217506409, 0.9929942488670349
5.08965539932251, 0.992997944355011, 0.9929942488670349
5.558620929718018, 0.9884167909622192, 0.9929942488670349
6.027586460113525, 0.9930037260055542, 0.9929942488670349
6.496551990509033, 0.9929937124252319, 0.9929942488670349
6.965517520904541, 0.992993175983429, 0.9929942488670349
7.434482574462891, 0.9929925203323364, 0.9929942488670349
7.903448104858398, 0.9930009841918945, 0.9929942488670349
8.372413635253906, 0.9929937124252319, 0.9929942488670349
8.841379165649414, 0.9929950833320618, 0.993029773235321
9.310344696044922, 0.9929941296577454, 0.9929941892623901
9.77931022644043, 0.9929938912391663, 0.9929942488670349
10.248275756835938, 0.9929918050765991, 0.992993175983429
10.717241287231445, 0.9929925203323364, 0.9929927587509155
11.186206817626953, 0.9929903745651245, 0.9929941892623901
11.655172348022461, 0.99299156665802, 0.9929940700531006
12.124137878417969, 0.9929924011230469, 0.9929932355880737
12.593103408813477, 0.9929915070533752, 0.9929840564727783
13.062068939208984, 0.9929872155189514, 0.9929783344268799
13.531034469604492, 0.992971658706665, 0.9928199052810669
14.0, 0.9928969740867615, 0.9929699301719666
14.0, 0.9928969740867615, 0.9929699301719666
14.896552085876465, 0.9925954341888428, 0.9929405450820923
15.793103218078613, 0.9848234057426453, 0.9927813410758972
16.689655303955078, 0.954542338848114, 0.9900904893875122
17.586206436157227, 0.948306143283844, 0.9402022957801819
18.482759475708008, 0.9862303733825684, 0.7386555671691895
19.379310607910156, 0.9752458930015564, 0.9396066665649414
20.275861740112305, 0.9860082864761353, 0.9876692295074463
21.172412872314453, 0.9817630052566528, 0.9893485307693481
22.068965911865234, 0.8086065053939819, 0.9910460710525513
22.965517044067383, 0.7586976885795593, 0.9837849140167236
23.86206817626953, 0.9195036888122559, 0.9217944145202637
24.758621215820312, 0.9284012317657471, 0.850821852684021
25.65517234802246, 0.927670419216156, 0.5889605283737183
26.55172348022461, 0.7918594479560852, 0.7405028343200684
27.44827651977539, 0.9261528253555298, 0.8754258155822754
28.34482765197754, 0.7308409810066223, 0.6219017505645752
29.241378784179688, 0.5397447943687439, 0.8285585641860962
30.13793182373047, 0.9112228751182556, 0.6868138313293457
31.034482955932617, 0.7770994305610657, 0.832948625087738
31.931034088134766, 0.2914641499519348, 0.7776206135749817
32.82758712768555, 0.1865735948085785, 0.9005654454231262
33.72413635253906, 0.38993993401527405, 0.8378569483757019
34.620689392089844, 0.3479798436164856, 0.5114040374755859
35.517242431640625, 0.7365823984146118, 0.4091382622718811
36.41379165649414, 0.4923606216907501, 0.3980020582675934
37.31034469604492, 0.7481985092163086, 0.7613435387611389
38.2068977355957, 0.8429287672042847, 0.45873942971229553
39.10344696044922, 0.469724178314209, 0.5917885899543762
40.0, 0.7092186212539673, 0.3986283242702484
40.0, 0.7092186212539673, 0.3986283242702484
41.25, 0.6062628030776978, 0.7435503602027893
42.5, 0.6990430355072021, 0.7990880608558655
43.75, 0.5111497640609741, 0.6194737553596497
45.0, 0.6560585498809814, 0.8546603322029114
46.25, 0.5597521662712097, 0.7877189517021179
47.5, 0.15670311450958252, 0.4940064251422882
48.75, 0.062356214970350266, 0.26871973276138306
50.0, 0.25633132457733154, 0.5483740568161011
51.25, 0.10615547746419907, 0.6037169098854065
52.5, 0.34176623821258545, 0.09664205461740494
53.75, 0.6737685203552246, 0.20011696219444275
55.0, 0.0044228434562683105, 0.35584166646003723
56.25, 0.04887627437710762, 0.21601031720638275
57.5, 0.5980544090270996, 0.2599338889122009
58.75, 0.845437228679657, 0.2934172451496124
60.0, 0.007213586941361427, 0.28466561436653137
61.25, 0.03456772863864899, 0.149514839053154
62.5, 0.006712930742651224, 0.28748396039009094
63.75, 0.0034128951374441385, 0.09063329547643661
65.0, 0.3572665750980377, 0.1213538646697998
66.25, 0.026689931750297546, 0.2864973843097687
67.5, 0.0008251146064139903, 0.11876557022333145
68.75, 0.00010057861072709784, 0.23883451521396637
70.0, 0.015286783687770367, 0.03566962480545044
70.0, 0.015286783687770367, 0.03566962480545044
71.57894897460938, 0.0005964618758298457, 0.05091338977217674
73.15789794921875, 0.0005834281328134239, 0.0283187422901392
74.7368392944336, 0.00032495634513907135, 0.4381668269634247
76.31578826904297, 0.00015093425463419408, 0.22715073823928833
77.89473724365234, 7.716630352661014e-05, 0.2103271335363388
79.47368621826172, 0.41374629735946655, 0.4041937589645386
81.0526351928711, 0.03491830825805664, 0.7871841192245483
82.63157653808594, 4.1783911001402885e-05, 0.17070822417736053
84.21052551269531, 4.597231963998638e-05, 0.14545223116874695
85.78947448730469, 0.00024163177295122296, 0.2479148805141449
87.36842346191406, 0.00019730828353203833, 0.02608848363161087
88.9473648071289, 0.00022375556000042707, 0.08442364633083344
90.52631378173828, 3.288478183094412e-05, 0.5754209756851196
92.10526275634766, 0.4776681959629059, 0.5345004200935364
93.68421173095703, 4.644537330023013e-05, 0.16215962171554565
95.2631607055664, 0.001826188643462956, 0.9336949586868286
96.84210205078125, 0.0005515592638403177, 0.5890571475028992
98.42105102539062, 0.12972143292427063, 0.35172808170318604
100.0, 0.0010428930399939418, 0.026354586705565453
100.0, 0.0010428930399939418, 0.026354586705565453
101.57894897460938, 0.0010336650302633643, 0.008271277882158756
103.15789794921875, 0.00044497218914330006, 0.01563922129571438
104.7368392944336, 0.00012894856627099216, 0.05901533365249634
106.31578826904297, 4.148470179643482e-05, 0.2442549765110016
107.89473724365234, 0.0003634822787716985, 0.012090765871107578
109.47368621826172, 7.519729842897505e-05, 0.015699954703450203
111.0526351928711, 2.0258179574739188e-05, 0.004205281846225262
112.63157653808594, 5.4327130783349276e-05, 0.0024120912421494722
114.21052551269531, 8.250783139374107e-06, 0.0013336498523131013
115.78947448730469, 1.8774308045976795e-05, 0.0002216491411672905
117.36842346191406, 0.02918088622391224, 0.3512081205844879
118.9473648071289, 9.242908708984032e-05, 0.0002617811842355877
120.52631378173828, 2.4548022338422015e-05, 0.0003162147768307477
122.10526275634766, 0.00032358590397052467, 0.21966902911663055
123.68421173095703, 0.00011694819841068238, 0.0003119067114312202
125.2631607055664, 4.290878860047087e-05, 0.001592298736795783
126.84210205078125, 8.784254896454513e-05, 0.00011953387001994997
128.42105102539062, 4.322688982938416e-05, 0.0003135683946311474
130.0, 2.232358610854135e-06, 0.0006389576592482626
