# This file contains vdT and corresponding edge winding numbers at 0 gap and pi gap for phi1_ex=2, phi2_ex=np.pi*2/3
# The system is a 40x40 system with moderate dense grid (65,)
vdT 0_gap pi_gap
0.4000000059604645, 0.9827945232391357, 0.9827945232391357
0.8689655065536499, 0.9827945232391357, 0.9827945232391357
1.3379310369491577, 0.9827942252159119, 0.9827945232391357
1.8068965673446655, 0.9805694222450256, 0.9827945232391357
2.275862216949463, 0.9840430021286011, 0.9827945232391357
2.7448277473449707, 0.9829725027084351, 0.9827945232391357
3.2137932777404785, 0.9817723035812378, 0.9827945232391357
3.6827588081359863, 0.9824174642562866, 0.9827945232391357
4.151724338531494, 0.9825502038002014, 0.9827945232391357
4.620689868927002, 0.982784628868103, 0.9827945232391357
5.08965539932251, 0.9827893972396851, 0.9827945232391357
5.558620929718018, 0.9827924966812134, 0.9827945232391357
6.027586460113525, 0.9827945232391357, 0.9827945232391357
6.496551990509033, 0.9827945232391357, 0.9827945232391357
6.965517520904541, 0.9827945232391357, 0.9827945232391357
7.434482574462891, 0.9827944040298462, 0.9827945232391357
7.903448104858398, 0.9827933311462402, 0.9827945232391357
8.372413635253906, 0.9827944040298462, 0.9827945232391357
8.841379165649414, 0.9827945828437805, 0.9827961921691895
9.310344696044922, 0.982794463634491, 0.9827969074249268
9.77931022644043, 0.982794463634491, 0.9827954769134521
10.248275756835938, 0.9827941060066223, 0.9827945232391357
10.717241287231445, 0.9827945232391357, 0.9827945232391357
11.186206817626953, 0.9827945232391357, 0.9827945232391357
11.655172348022461, 0.9827945232391357, 0.982794463634491
12.124137878417969, 0.982794463634491, 0.9827832579612732
12.593103408813477, 0.9827944040298462, 0.9827356338500977
13.062068939208984, 0.9827942848205566, 0.9827821254730225
13.531034469604492, 0.9827935099601746, 0.9827840924263
14.0, 0.982787549495697, 0.9827760457992554
14.0, 0.982787549495697, 0.9827760457992554
14.896552085876465, 0.9827709197998047, 0.9827865958213806
15.793103218078613, 0.9780132174491882, 0.9814605712890625
16.689655303955078, 0.9833616614341736, 0.98177570104599
17.586206436157227, 0.9798069000244141, 0.9489235877990723
18.482759475708008, 0.9818455576896667, 0.7203145027160645
19.379310607910156, 0.9749183654785156, 0.9549642205238342
20.275861740112305, 0.9784970879554749, 0.9822995662689209
21.172412872314453, 0.9752416014671326, 0.9788559675216675
22.068965911865234, 0.9465383291244507, 0.9800781607627869
22.965517044067383, 0.8914092779159546, 0.9775432348251343
23.86206817626953, 0.8692644834518433, 0.8436717987060547
24.758621215820312, 0.8619933128356934, 0.43959370255470276
25.65517234802246, 0.7590835690498352, 0.7036147117614746
26.55172348022461, 0.8869845867156982, 0.8350733518600464
27.44827651977539, 0.8206613063812256, 0.9324377775192261
28.34482765197754, 0.9587787985801697, 0.9794928431510925
29.241378784179688, 0.9667165279388428, 0.9221146702766418
30.13793182373047, 0.9665942788124084, 0.9350138306617737
31.034482955932617, 0.8437566757202148, 0.9266871213912964
31.931034088134766, 0.8323183059692383, 0.8409537672996521
32.82758712768555, 0.8293417692184448, 0.7609841227531433
33.72413635253906, 0.7195156812667847, 0.9203964471817017
34.620689392089844, 0.6931281685829163, 0.6307022571563721
35.517242431640625, 0.8320721983909607, 0.6678232550621033
36.41379165649414, 0.8366430401802063, 0.8259711861610413
37.31034469604492, 0.8355981707572937, 0.7815335988998413
38.2068977355957, 0.9146068096160889, 0.671244204044342
39.10344696044922, 0.9418764710426331, 0.4488374590873718
40.0, 0.8464808464050293, 0.9110211133956909
40.0, 0.8464808464050293, 0.9110211133956909
41.25, 0.929448127746582, 0.8587490916252136
42.5, 0.7864053845405579, 0.8595141768455505
43.75, 0.9588376879692078, 0.5395374298095703
45.0, 0.6523323059082031, 0.7556325793266296
46.25, 0.8891944885253906, 0.6048380732536316
47.5, 0.7630611658096313, 0.6462187767028809
48.75, 0.6462836265563965, 0.23066742718219757
50.0, 0.46221211552619934, 0.2770323157310486
51.25, 0.4185487926006317, 0.07021256536245346
52.5, 0.4438684582710266, 0.18360750377178192
53.75, 0.7191009521484375, 0.1696605384349823
55.0, 0.4104567766189575, 0.4885106682777405
56.25, 0.7844387292861938, 0.12306994199752808
57.5, 0.2918817698955536, 0.451636403799057
58.75, 0.9452188611030579, 0.38612210750579834
60.0, 0.7733147144317627, 0.27725428342819214
61.25, 0.7141823768615723, 0.07146373391151428
62.5, 0.8256518840789795, 0.10794936865568161
63.75, 0.5638520121574402, 0.0974297747015953
65.0, 0.7699187994003296, 0.11241187155246735
66.25, 0.6269953846931458, 0.1346161663532257
67.5, 0.7037566304206848, 0.09233181178569794
68.75, 0.6574556231498718, 0.12904740869998932
70.0, 0.6777277588844299, 0.058103036135435104
70.0, 0.6777277588844299, 0.058103036135435104
71.57894897460938, 0.7821807265281677, 0.10292784124612808
73.15789794921875, 0.7381256222724915, 0.16394728422164917
74.7368392944336, 0.836652398109436, 0.1935182511806488
76.31578826904297, 0.7476177215576172, 0.26624080538749695
77.89473724365234, 0.5264079570770264, 0.13530750572681427
79.47368621826172, 0.8328205347061157, 0.018971331417560577
81.0526351928711, 0.8902959823608398, 0.07228758931159973
82.63157653808594, 0.621942400932312, 0.018546883016824722
84.21052551269531, 0.7809946537017822, 0.3429831564426422
85.78947448730469, 0.6252611875534058, 0.11118847876787186
87.36842346191406, 0.8265734314918518, 0.03145413473248482
88.9473648071289, 0.5374083518981934, 0.2865917682647705
90.52631378173828, 0.5446425080299377, 0.11442872881889343
92.10526275634766, 0.45790761709213257, 0.02739856205880642
93.68421173095703, 0.37291693687438965, 0.1673467755317688
95.2631607055664, 0.7648944854736328, 0.07992707937955856
96.84210205078125, 0.4474230408668518, 0.3417817950248718
98.42105102539062, 0.9632001519203186, 0.010128566063940525
100.0, 0.7530444264411926, 0.07787227630615234
100.0, 0.7530444264411926, 0.07787227630615234
101.57894897460938, 0.3743051290512085, 0.010497630573809147
103.15789794921875, 0.2361108660697937, 0.008111570961773396
104.7368392944336, 0.5064079165458679, 0.008238735608756542
106.31578826904297, 0.769855260848999, 0.047972388565540314
107.89473724365234, 0.6242206692695618, 0.014029783196747303
109.47368621826172, 0.24106182157993317, 0.01335960254073143
111.0526351928711, 0.8650341033935547, 0.012864818796515465
112.63157653808594, 0.05470285192131996, 0.005290804896503687
114.21052551269531, 0.1464962363243103, 0.004203543998301029
115.78947448730469, 0.013364306651055813, 0.005108322016894817
117.36842346191406, 0.2541779577732086, 0.023480474948883057
118.9473648071289, 0.01948094554245472, 0.004221167415380478
120.52631378173828, 0.02858663722872734, 0.0023642636369913816
122.10526275634766, 0.02172929421067238, 0.007488872390240431
123.68421173095703, 0.01479784119874239, 0.004115846008062363
125.2631607055664, 0.019242923706769943, 0.0035048387944698334
126.84210205078125, 0.05736801028251648, 0.004559128545224667
128.42105102539062, 0.09814755618572235, 0.005461737979203463
130.0, 0.02678864262998104, 0.006215411238372326
