# This file contains vdT and corresponding winding numbers at 0 gap and pi gap for phi1_ex=2, phi2_ex=np.pi*2/3
# The system is a 6x6 system with moderate dense grid (50, 50, 50)
vdT 0_gap pi_gap
0.5, 0.9400565028190613, 0.9431684017181396
0.8717948794364929, 0.9400325417518616, 0.943170964717865
1.2435897588729858, 0.9395883083343506, 0.9431723356246948
1.615384578704834, 0.936756432056427, 0.9431725144386292
1.9871795177459717, 0.8550359010696411, 0.9431714415550232
2.3589744567871094, 0.939545214176178, 0.943169116973877
2.730769157409668, 0.9391549229621887, 0.9431655406951904
3.1025640964508057, 0.939111053943634, 0.9431607127189636
3.4743590354919434, 0.9391359090805054, 0.9431546926498413
3.846153974533081, 0.9391259551048279, 0.9431474208831787
4.217948913574219, 0.9390621781349182, 0.9431389570236206
4.589743614196777, 0.9388105273246765, 0.943129301071167
4.961538314819336, 0.9381313323974609, 0.9431185126304626
5.333333492279053, 0.9371350407600403, 0.9431066513061523
5.705128192901611, 0.9362990260124207, 0.9430937767028809
6.076923370361328, 0.936048686504364, 0.943079948425293
6.448718070983887, 0.9364174008369446, 0.943065345287323
6.820512771606445, 0.9371476769447327, 0.9430505037307739
7.192307949066162, 0.9379708766937256, 0.9430230855941772
7.564102649688721, 0.9387328624725342, 0.9429959058761597
7.935897350311279, 0.9393656849861145, 0.9430002570152283
8.307692527770996, 0.9398291707038879, 0.9429815411567688
8.679487228393555, 0.9400844573974609, 0.9429636001586914
9.051281929016113, 0.94010329246521, 0.9429277777671814
9.423076629638672, 0.9398964643478394, 0.9429135918617249
9.79487133026123, 0.9395458698272705, 0.9429082274436951
10.166666984558105, 0.9392067193984985, 0.9429028630256653
10.538461685180664, 0.9390227198600769, 0.942895770072937
10.910256385803223, 0.9389928579330444, 0.9428722262382507
11.282051086425781, 0.9389471411705017, 0.9428730010986328
11.65384578704834, 0.9386618733406067, 0.9428691864013672
12.025640487670898, 0.937997579574585, 0.9426203966140747
12.397436141967773, 0.9370279312133789, 0.9399673938751221
12.769230842590332, 0.9361258149147034, 0.9429140090942383
13.14102554321289, 0.9357951283454895, 0.9428877830505371
13.51282024383545, 0.9362590909004211, 0.9428423047065735
13.884614944458008, 0.9373152852058411, 0.9430249333381653
14.256410598754883, 0.9386011362075806, 0.9290633797645569
14.628205299377441, 0.8986185789108276, 0.9376583099365234
15.0, 0.8592885732650757, 0.9421501755714417
15.0, 0.8592885732650757, 0.9421501755714417
15.51282024383545, 0.8850486278533936, 0.9425367712974548
16.0256404876709, 0.9186801910400391, 0.942829966545105
16.538461685180664, 0.8719961047172546, 0.9429632425308228
17.05128288269043, 0.9271172881126404, 0.9430628418922424
17.564102172851562, 0.9402903914451599, 0.9431437849998474
18.076923370361328, 0.943651020526886, 0.9431538581848145
18.589744567871094, 0.9446890354156494, 0.9430091977119446
19.102563858032227, 0.9174097180366516, 0.9427810907363892
19.615385055541992, 0.8655865788459778, 0.9427611827850342
20.128206253051758, 0.8440639972686768, 0.9425596594810486
20.64102554321289, 0.9411274790763855, 0.9400190711021423
21.153846740722656, 0.9355484843254089, 0.9428191184997559
21.666667938232422, 0.932945191860199, 0.9429720044136047
22.179487228393555, 0.9421316981315613, 0.9427084922790527
22.69230842590332, 0.9467447400093079, 0.943053126335144
23.205127716064453, 0.9489307403564453, 0.940944492816925
23.71794891357422, 0.9340788722038269, 0.9414243102073669
24.230770111083984, 0.9452753067016602, 0.9396204948425293
24.743589401245117, 0.8757871985435486, 0.9365164637565613
25.256410598754883, 0.8504744172096252, 0.9411118030548096
25.769229888916016, 0.9347054958343506, 0.9410842061042786
26.28205108642578, 0.9382019639015198, 0.9414515495300293
26.794872283935547, 0.9385666251182556, 0.9357851147651672
27.30769157409668, 0.939113974571228, 0.9336937069892883
27.820512771606445, 0.8676611185073853, 0.922593355178833
28.333332061767578, 0.6340440511703491, 0.9317978024482727
28.846153259277344, 0.7492414116859436, 0.9397943615913391
29.35897445678711, 0.8809077739715576, 0.9387799501419067
29.871793746948242, 0.935187816619873, 0.9396023154258728
30.384614944458008, 0.7127525806427002, 0.9393876791000366
30.897436141967773, 0.9240812659263611, 0.9392077922821045
31.410255432128906, 0.8933261036872864, 0.9372404217720032
31.923076629638672, 0.932041585445404, 0.9316328763961792
32.43589782714844, 0.9323372840881348, 0.9420498013496399
32.9487190246582, 0.9329249858856201, 0.941518247127533
33.46154022216797, 0.9299235939979553, 0.9380394220352173
33.97435760498047, 0.9176655411720276, 0.913538932800293
34.487178802490234, 0.9248369932174683, 0.937874972820282
35.0, 0.5869060158729553, 0.9212048053741455
35.0, 0.5869060158729553, 0.9212048053741455
35.769229888916016, 1.1044645309448242, 0.8984652161598206
36.53845977783203, 0.7573266625404358, 0.9622389674186707
37.30769348144531, 0.7561167478561401, 0.9161285758018494
38.07692337036133, 0.9380885362625122, 0.9146414995193481
38.846153259277344, 0.8856713175773621, 0.878138542175293
39.61538314819336, 0.6683238744735718, 0.9454184174537659
40.38461685180664, 0.6347271203994751, 0.8823161721229553
41.153846740722656, 0.9294717907905579, 0.7788494825363159
41.92307662963867, 0.9427376389503479, 0.6777555346488953
42.69230651855469, 0.6570846438407898, 0.3037233352661133
43.46154022216797, 0.9222116470336914, 0.009031813591718674
44.230770111083984, 0.9365951418876648, 0.11714320629835129
45.0, 0.6596639156341553, 0.49007704854011536
45.769229888916016, 0.9045416712760925, 0.3817960321903229
46.5384635925293, 0.5075269937515259, 0.5908275842666626
47.30769348144531, 0.5958191752433777, 0.7964972853660583
48.07692337036133, 0.6034247875213623, 0.47459307312965393
48.846153259277344, 0.7819228768348694, 0.6557525396347046
49.61538314819336, 0.6383991241455078, 0.6562210917472839
50.38461685180664, 0.6378389000892639, 0.6250783205032349
51.153846740722656, 0.632372260093689, 0.8889830708503723
51.92307662963867, 0.679079532623291, 0.7052918672561646
52.69230651855469, 0.7519720196723938, 0.8585016131401062
53.4615364074707, 0.7297313213348389, 0.6267281174659729
54.230770111083984, 0.8034293055534363, 0.8448195457458496
55.0, 0.9399192929267883, 1.0475772619247437
55.769229888916016, 0.6918012499809265, 0.6702988147735596
56.53845977783203, 0.9043205976486206, 0.6893206238746643
57.30769348144531, 0.727836549282074, 0.8489716649055481
58.07692337036133, 0.821457028388977, 0.9235145449638367
58.846153259277344, 0.7860179543495178, 0.8152807950973511
59.61538314819336, 0.7968882918357849, 0.8978613018989563
60.38461685180664, 0.8716116547584534, 0.27952006459236145
61.153846740722656, 0.8462586402893066, 0.8832870721817017
61.92307662963867, 0.7375129461288452, 0.8223888278007507
62.69230651855469, 0.8927266597747803, 0.9314274787902832
63.46154022216797, 0.5273622870445251, 0.9378296732902527
64.23076629638672, 0.9358092546463013, 0.9365885853767395
65.0, 0.11983435600996017, 0.9327149987220764
65.0, 0.11983435600996017, 0.9327149987220764
65.86206817626953, 0.818487823009491, 0.9409919381141663
66.72413635253906, 0.7543245553970337, 0.9368099570274353
67.5862045288086, 0.7844694256782532, 0.801638662815094
68.44827270507812, 0.5197206735610962, 0.8764519691467285
69.31034851074219, 0.3609639108181, 0.4956616163253784
70.17241668701172, -0.16606833040714264, 0.48761558532714844
71.03448486328125, 0.8694925308227539, 0.7095538973808289
71.89655303955078, 0.44815558195114136, 0.5419309735298157
72.75862121582031, 0.5193544030189514, 0.29868239164352417
73.62068939208984, 0.14530396461486816, 0.028098465874791145
74.48275756835938, 0.6485196352005005, 0.20052991807460785
75.3448257446289, 0.3794730007648468, 0.0355161689221859
76.20689392089844, 0.31391581892967224, 0.0015823577996343374
77.06896209716797, 0.24235813319683075, 0.025620078667998314
77.93103790283203, 0.20419669151306152, 0.008526582270860672
78.79310607910156, 0.0848095640540123, 0.005085100419819355
79.6551742553711, 0.016920827329158783, 0.002921551465988159
80.51724243164062, 0.01508566364645958, 0.0020025891717523336
81.37931060791016, 0.021887414157390594, 0.001456764293834567
82.24137878417969, 0.01004524901509285, 0.015518161468207836
83.10344696044922, 0.008669407106935978, 0.01474667713046074
83.96551513671875, 0.012757516466081142, 0.011888278648257256
84.82758331298828, 0.012859297916293144, 0.009903106838464737
85.68965148925781, 0.03158613666892052, 0.009801739826798439
86.55172729492188, 0.056297071278095245, 0.009356781840324402
87.4137954711914, 0.34514477849006653, 0.009283874183893204
88.27586364746094, 0.13758249580860138, 0.010616658255457878
89.13793182373047, 0.2161024957895279, 0.011669791303575039
90.0, 0.026839828118681908, 0.03296341001987457
