# This file contains vdT and corresponding winding numbers at 0 gap and pi gap for central flower-like configuration
# The system is a 6x6 system with moderate dense grid (50, 50, 50)
vdT 0_gap pi_gap
0.5, 0.9401803016662598, 0.9431611895561218
0.8717948794364929, 0.9402667880058289, 0.9431597590446472
1.2435897588729858, 0.9397508502006531, 0.9431582093238831
1.615384578704834, 0.9402249455451965, 0.9431565403938293
1.9871795177459717, 0.9407125115394592, 0.9431547522544861
2.3589744567871094, 0.9417182207107544, 0.943152904510498
2.730769157409668, 0.7723771929740906, 0.9431509971618652
3.1025640964508057, 0.9381953477859497, 0.9431489706039429
3.4743590354919434, 0.9383918046951294, 0.943146824836731
3.846153974533081, 0.9386149048805237, 0.9431445598602295
4.217948913574219, 0.9387410283088684, 0.9431422352790833
4.589743614196777, 1.0028966665267944, 0.9431398510932922
4.961538314819336, 0.9399381875991821, 0.9431372880935669
5.333333492279053, 0.9396390318870544, 0.9431347250938416
5.705128192901611, 0.9396995306015015, 0.9431319832801819
6.076923370361328, 0.944246232509613, 0.9431292414665222
6.448718070983887, 0.9409918189048767, 0.9431264400482178
6.820512771606445, 0.9407917261123657, 0.9431235790252686
7.192307949066162, 0.9406518936157227, 0.9431208372116089
7.564102649688721, 0.9405859708786011, 0.9431182742118835
7.935897350311279, 0.9406135678291321, 0.9431138634681702
8.307692527770996, 0.9407348036766052, 0.9431107044219971
8.679487228393555, 0.940929651260376, 0.9431074857711792
9.051281929016113, 0.9411693215370178, 0.9430991411209106
9.423076629638672, 0.9414275288581848, 0.9430968165397644
9.79487133026123, 0.9416868686676025, 0.9430934190750122
10.166666984558105, 0.9419400691986084, 0.9430897831916809
10.538461685180664, 0.9421868920326233, 0.9430860877037048
10.910256385803223, 0.9424290060997009, 0.9430826306343079
11.282051086425781, 0.9426637887954712, 0.9430795311927795
11.65384578704834, 0.9028859734535217, 0.9430769681930542
12.025640487670898, 0.8817264437675476, 0.9430749416351318
12.397436141967773, 0.8700324296951294, 0.9430729746818542
12.769230842590332, 0.8772040605545044, 0.9430674314498901
13.14102554321289, 0.919691801071167, 0.9430515766143799
13.51282024383545, 0.9425768256187439, 0.9430424571037292
13.884614944458008, 0.9421421885490417, 0.9430376291275024
14.256410598754883, 0.9415359497070312, 0.9430330991744995
14.628205299377441, 0.9408652782440186, 0.9430288672447205
15.0, 0.9402058124542236, 0.9430248141288757
15.0, 0.9402058124542236, 0.9430248141288757
15.51282024383545, 0.9161707758903503, 0.9430190324783325
16.0256404876709, 0.9413825869560242, 0.9429490566253662
16.538461685180664, 0.9406557083129883, 0.9429791569709778
17.05128288269043, 0.9402804970741272, 0.9429945945739746
17.564102172851562, 0.9401640295982361, 0.9432237148284912
18.076923370361328, 0.9405900835990906, 0.9429636597633362
18.589744567871094, 0.9408632516860962, 0.9429646134376526
19.102563858032227, 0.9316055774688721, 0.9423844814300537
19.615385055541992, 0.9404965043067932, 0.9429886937141418
20.128206253051758, 0.9406315684318542, 0.9429748058319092
20.64102554321289, 0.9406183958053589, 0.942953884601593
21.153846740722656, 0.94057697057724, 0.9429861307144165
21.666667938232422, 0.9407424330711365, 0.9429171085357666
22.179487228393555, 0.925373375415802, 0.9428852200508118
22.69230842590332, 0.9397342801094055, 0.9428768754005432
23.205127716064453, 0.9400668144226074, 0.9428870677947998
23.71794891357422, 0.9403331875801086, 0.9429108500480652
24.230770111083984, 0.9404363632202148, 0.9414228200912476
24.743589401245117, 0.9403860569000244, 0.9428547620773315
25.256410598754883, 0.940157949924469, 0.9428317546844482
25.769229888916016, 0.9408630132675171, 0.9427961111068726
26.28205108642578, 0.9367901682853699, 0.9427591562271118
26.794872283935547, 0.9405509829521179, 0.942721426486969
27.30769157409668, 0.9408029913902283, 0.9426734447479248
27.820512771606445, 0.9406607747077942, 0.9425684213638306
28.333332061767578, 0.9405483603477478, 0.9427253603935242
28.846153259277344, 0.9394702315330505, 0.9427545070648193
29.35897445678711, 0.9372533559799194, 0.9410169124603271
29.871793746948242, 0.9374690651893616, 0.9426600933074951
30.384614944458008, 0.9376417398452759, 0.9426472783088684
30.897436141967773, 0.9376316070556641, 0.942628026008606
31.410255432128906, 0.9379206895828247, 0.9426030516624451
31.923076629638672, 0.9381417632102966, 0.9425641298294067
32.43589782714844, 0.9062848091125488, 0.9424896836280823
32.9487190246582, 0.884979784488678, 0.9423292875289917
33.46154022216797, 0.937078595161438, 0.9422041177749634
33.97435760498047, 0.9319316744804382, 0.9426847696304321
34.487178802490234, 0.9372640252113342, 0.9424743056297302
35.0, 0.9051087498664856, 0.9477986097335815
35.0, 0.9051087498664856, 0.9477986097335815
35.769229888916016, 0.9383329153060913, 0.9425269365310669
36.53845977783203, 0.937436580657959, 0.9425576329231262
37.30769348144531, 0.9393076300621033, 0.9424503445625305
38.07692337036133, 0.9391508102416992, 0.9426790475845337
38.846153259277344, 0.8962846994400024, 0.9394489526748657
39.61538314819336, 0.9371886253356934, 0.9423444271087646
40.38461685180664, 0.826029360294342, 0.9404636025428772
41.153846740722656, 0.9403155446052551, 0.9333106875419617
41.92307662963867, 0.9031956195831299, 0.9110809564590454
42.69230651855469, 0.9055809378623962, 0.8925324082374573
43.46154022216797, 0.8975819945335388, 0.9389676451683044
44.230770111083984, 0.8103768825531006, 0.9376131892204285
45.0, 0.9374050498008728, 0.9359726309776306
45.769229888916016, 0.9219456911087036, 0.9100437164306641
46.5384635925293, 0.9055321216583252, 0.8777005672454834
47.30769348144531, 0.908724308013916, 0.8565608859062195
48.07692337036133, 0.762610137462616, 0.9393598437309265
48.846153259277344, 0.9332133531570435, 0.8551653027534485
49.61538314819336, 0.930727481842041, 0.8281343579292297
50.38461685180664, 0.9211933612823486, 0.7907450795173645
51.153846740722656, 1.0380843877792358, 0.7030361294746399
51.92307662963867, 0.9340782165527344, 0.701170027256012
52.69230651855469, 0.8985219597816467, 0.9457185864448547
53.4615364074707, 0.8755558133125305, 0.948630154132843
54.230770111083984, 0.8577940464019775, 0.949704110622406
55.0, 0.8031283020973206, 0.6661290526390076
55.769229888916016, 0.8181174993515015, 0.9236036539077759
56.53845977783203, 0.828393816947937, 0.7398687601089478
57.30769348144531, 0.7918345332145691, 0.929307758808136
58.07692337036133, 0.7395858764648438, 0.9209142923355103
58.846153259277344, 0.657253623008728, 0.9070567488670349
59.61538314819336, 0.7473828196525574, 0.9276732206344604
60.38461685180664, 0.7736591100692749, 0.9068732857704163
61.153846740722656, 0.6917677521705627, 0.8398979306221008
61.92307662963867, 0.6060214638710022, 0.6679535508155823
62.69230651855469, 0.9297071695327759, 0.5630931854248047
63.46154022216797, 0.5977495908737183, 0.9176620244979858
64.23076629638672, 0.4425447881221771, 0.6723607778549194
65.0, 0.2826860845088959, 0.6432909965515137
65.0, 0.2826860845088959, 0.6432909965515137
65.86206817626953, 0.040338486433029175, 0.6327472925186157
66.72413635253906, 0.4120027720928192, 0.4470599591732025
67.5862045288086, 0.08428546041250229, 0.5254065990447998
68.44827270507812, 0.03276572749018669, 0.600835382938385
69.31034851074219, 0.2889041006565094, 0.9209997653961182
70.17241668701172, 0.5325931906700134, 0.9105108380317688
71.03448486328125, 0.5730603337287903, 0.7125216126441956
71.89655303955078, 0.7015441060066223, 0.6131031513214111
72.75862121582031, 0.9115041494369507, 0.5177336931228638
73.62068939208984, 1.0088584423065186, 0.39120933413505554
74.48275756835938, 0.5840170383453369, 0.32461264729499817
75.3448257446289, 0.7691245079040527, 0.00581236369907856
76.20689392089844, 0.8013725280761719, -0.0054955435916781425
77.06896209716797, 0.8196955919265747, -0.0058518461883068085
77.93103790283203, 0.8719698190689087, -0.00027640900225378573
78.79310607910156, 0.6559082269668579, 0.0019322559237480164
79.6551742553711, 0.6147403120994568, 0.41740530729293823
80.51724243164062, 0.9984778761863708, 0.29805728793144226
81.37931060791016, 0.5219097137451172, 0.5168428421020508
82.24137878417969, 0.7145212292671204, 0.3272842466831207
83.10344696044922, 0.6577771902084351, 0.3355458676815033
83.96551513671875, 0.7393383979797363, 0.30442821979522705
84.82758331298828, 0.697228729724884, 0.2523835301399231
85.68965148925781, 0.30321356654167175, 0.42464303970336914
86.55172729492188, 0.40866464376449585, 0.04370629042387009
87.4137954711914, 0.026119094341993332, 0.03077586740255356
88.27586364746094, 0.006088392809033394, 0.04950978606939316
89.13793182373047, 0.00529010035097599, 0.07083781063556671
90.0, 0.004757054150104523, 0.18906989693641663
90.25, 0.006280333269387484, 0.2883969843387604
91.5, -0.17854580283164978, 0.525925874710083
92.75, 0.4875374734401703, 0.4950353801250458
94.0, 0.01566087082028389, 0.5278995037078857
95.25, 0.014353955164551735, 0.598565399646759
96.5, 0.06313347816467285, 0.08444461971521378
97.75, 0.016575414687395096, 0.10051003098487854
99.0, 0.019248850643634796, 0.4476306438446045
100.25, 0.04289034381508827, 0.029712313786149025
101.5, 0.10978467017412186, 0.03604878485202789
102.75, 0.49937552213668823, 0.324415922164917
104.0, 0.021640488877892494, 0.04463472217321396
105.25, 0.012345627881586552, 0.017124587669968605
106.5, 0.010535488836467266, 0.13418623805046082
107.75, 0.040299657732248306, 0.22530707716941833
109.0, 0.01285097561776638, 0.15388737618923187
110.25, 0.016104117035865784, 0.05754050239920616
111.5, 0.015366461127996445, 0.03229780122637749
112.75, 0.009489444084465504, 0.03220508620142937
114.0, 0.2770117223262787, 0.07425203174352646
115.25, 0.37817877531051636, 0.04433238506317139
116.5, -0.0054502710700035095, 0.025950536131858826
117.75, 0.017939774319529533, 0.021294279024004936
119.0, 0.038664381951093674, 0.2431195229291916
120.25, 0.011694851331412792, 0.07307616621255875
