vdT,LSR
# phi1=0, phi2=0
4.000000059604644775e-01,5.215993732817783002e-01
8.689655065536499023e-01,5.195340386110298692e-01
1.337931036949157715e+00,4.118609563811789775e-01
1.806896567344665527e+00,3.377671444039603288e-01
2.275862216949462891e+00,2.933654170745065848e-01
2.744827747344970703e+00,2.586554661537523447e-01
3.213793277740478516e+00,2.403662338170061696e-01
3.682758808135986328e+00,2.128068891632243775e-01
4.151724338531494141e+00,1.964838154541048432e-01
4.620689868927001953e+00,1.856676251510998021e-01
5.089655399322509766e+00,1.775935484044458557e-01
5.558620929718017578e+00,1.755597893298650181e-01
6.027586460113525391e+00,1.673962663455563216e-01
6.496551990509033203e+00,1.702429345156020735e-01
6.965517520904541016e+00,1.942350763344593556e-01
7.434482574462890625e+00,1.841250955346846463e-01
7.903448104858398438e+00,2.013209676982124774e-01
8.372413635253906250e+00,2.050323881370161028e-01
8.841379165649414062e+00,2.114409906421240992e-01
9.310344696044921875e+00,2.202153280143782366e-01
9.779310226440429688e+00,2.293191484198554564e-01
1.024827575683593750e+01,2.300309851372643599e-01
1.071724128723144531e+01,2.309599062280301984e-01
1.118620681762695312e+01,2.492450701590718243e-01
1.165517234802246094e+01,2.647370237414382044e-01
1.212413787841796875e+01,2.710966180418628579e-01
1.259310340881347656e+01,2.717420804220667119e-01
1.306206893920898438e+01,2.921692404819966615e-01
1.353103446960449219e+01,3.084927827452750848e-01
1.400000000000000000e+01,3.200317527743387069e-01
1.400000000000000000e+01,3.200317527743387069e-01
1.489655208587646484e+01,3.220355234102101893e-01
1.579310321807861328e+01,3.629554273759689198e-01
1.668965530395507812e+01,3.768761033743264766e-01
1.758620643615722656e+01,3.808272052478939851e-01
1.848275947570800781e+01,4.061638505512882302e-01
1.937931060791015625e+01,4.153291966513822375e-01
2.027586174011230469e+01,4.390776789542061853e-01
2.117241287231445312e+01,4.203613051551899349e-01
2.206896591186523438e+01,4.460773890294146282e-01
2.296551704406738281e+01,4.513835573610012752e-01
2.386206817626953125e+01,4.593151467733364024e-01
2.475862121582031250e+01,4.603307630704361886e-01
2.565517234802246094e+01,4.943748819355353596e-01
2.655172348022460938e+01,4.750612109588637777e-01
2.744827651977539062e+01,4.817286693201842107e-01
2.834482765197753906e+01,4.639019518149397614e-01
2.924137878417968750e+01,4.900418413980900390e-01
3.013793182373046875e+01,4.862221239742143819e-01
3.103448295593261719e+01,4.994830826261412171e-01
3.193103408813476562e+01,4.895949605616805589e-01
3.282758712768554688e+01,5.191073454056009950e-01
3.372413635253906250e+01,4.718038521098489868e-01
3.462068939208984375e+01,5.047953277053787158e-01
3.551724243164062500e+01,4.991741103483611219e-01
3.641379165649414062e+01,4.850295846350852202e-01
3.731034469604492188e+01,5.079444317314144586e-01
3.820689773559570312e+01,4.991827780091431799e-01
3.910344696044921875e+01,4.920304248548444392e-01
4.000000000000000000e+01,5.131046881419670802e-01
4.000000000000000000e+01,5.131046881419670802e-01
4.125000000000000000e+01,5.211858066955045166e-01
4.250000000000000000e+01,5.086275247996235871e-01
4.375000000000000000e+01,5.085771584335886386e-01
4.500000000000000000e+01,4.989378504506745138e-01
4.625000000000000000e+01,4.935134399473072309e-01
4.750000000000000000e+01,4.850144061219917591e-01
4.875000000000000000e+01,4.946417559253279417e-01
5.000000000000000000e+01,4.604951348455724180e-01
5.125000000000000000e+01,4.625180827437697650e-01
5.250000000000000000e+01,4.619557197675977500e-01
5.375000000000000000e+01,4.442925472650413599e-01
5.500000000000000000e+01,4.610314043441032794e-01
5.625000000000000000e+01,4.409471626664872579e-01
5.750000000000000000e+01,4.511467373483315502e-01
5.875000000000000000e+01,4.495081293266672828e-01
6.000000000000000000e+01,4.314418041889124256e-01
6.125000000000000000e+01,4.211900083902994085e-01
6.250000000000000000e+01,4.405923739757338087e-01
6.375000000000000000e+01,4.209512650283911417e-01
6.500000000000000000e+01,3.928539208821293371e-01
6.625000000000000000e+01,4.094732586398000529e-01
6.750000000000000000e+01,4.077868650445675702e-01
6.875000000000000000e+01,3.844480129475988939e-01
7.000000000000000000e+01,3.988630801174992691e-01
7.157894897460937500e+01,3.930406502003223057e-01
7.315789794921875000e+01,3.780424321199336579e-01
7.473683929443359375e+01,3.639417421305589651e-01
7.631578826904296875e+01,3.758244266231062225e-01
7.789473724365234375e+01,3.588866901189232683e-01
7.947368621826171875e+01,3.540313091268402212e-01
8.105263519287109375e+01,3.641118689873883429e-01
8.263157653808593750e+01,3.494083797965311655e-01
8.421052551269531250e+01,3.408999138945609797e-01
8.578947448730468750e+01,3.522810872692622719e-01
8.736842346191406250e+01,3.299091862887048587e-01
8.894736480712890625e+01,3.437696592669017837e-01
9.052631378173828125e+01,3.212126072571578894e-01
9.210526275634765625e+01,3.261505976711893129e-01
9.368421173095703125e+01,3.310005572897517512e-01
9.526316070556640625e+01,3.195627495802925710e-01
9.684210205078125000e+01,3.149409940170132538e-01
9.842105102539062500e+01,3.087715008371360037e-01
1.000000000000000000e+02,3.243974436784259341e-01
1.000000000000000000e+02,3.243974436784259341e-01
1.015789489746093750e+02,3.058678917963879029e-01
1.031578979492187500e+02,2.888559234737331782e-01
1.047368392944335938e+02,2.761845633114860532e-01
1.063157882690429688e+02,2.747462830344687967e-01
1.078947372436523438e+02,2.829533995364973964e-01
1.094736862182617188e+02,2.844285672218405114e-01
1.110526351928710938e+02,2.871419840952172398e-01
1.126315765380859375e+02,2.803766103371812535e-01
1.142105255126953125e+02,2.727025224896418854e-01
1.157894744873046875e+02,2.813964725849697479e-01
1.173684234619140625e+02,2.790027969170905675e-01
1.189473648071289062e+02,2.502180848035262528e-01
1.205263137817382812e+02,2.773455494905543994e-01
1.221052627563476562e+02,2.655665695523480863e-01
1.236842117309570312e+02,2.649563105897424498e-01
1.252631607055664062e+02,2.544322353465736652e-01
1.268421020507812500e+02,2.601535752559554493e-01
1.284210510253906250e+02,2.497951433163199952e-01
1.300000000000000000e+02,2.393908675342139580e-01
1.300000000000000000e+02,2.393908675342139580e-01
1.315789489746093750e+02,2.285795226916040868e-01
1.331578979492187500e+02,2.374558296667877155e-01
1.347368469238281250e+02,2.452012965314767090e-01
1.363157958984375000e+02,2.434847205106890067e-01
1.378947296142578125e+02,2.534401180679236587e-01
1.394736785888671875e+02,2.543142347904359668e-01
1.410526275634765625e+02,2.380696677112645876e-01
1.426315765380859375e+02,2.355267637298416872e-01
1.442105255126953125e+02,2.279776392246183059e-01
1.457894744873046875e+02,2.496145347577917450e-01
1.473684234619140625e+02,2.503880655423271762e-01
1.489473724365234375e+02,2.275788985646001183e-01
1.505263214111328125e+02,2.344331435770486693e-01
1.521052703857421875e+02,2.377781800547649760e-01
1.536842041015625000e+02,2.296756245587339984e-01
1.552631530761718750e+02,2.314182256864540377e-01
1.568421020507812500e+02,2.361079832617208607e-01
1.584210510253906250e+02,2.363368924810280991e-01
1.600000000000000000e+02,2.240438445738563156e-01
1.600000000000000000e+02,2.240438445738562878e-01
1.631578979492187500e+02,2.231068980078784181e-01
1.663157958984375000e+02,2.248663241228439358e-01
1.694736785888671875e+02,2.207367331402115274e-01
1.726315765380859375e+02,2.250246426958165125e-01
1.757894744873046875e+02,2.330625846999105355e-01
1.789473724365234375e+02,2.288607840950827033e-01
1.821052703857421875e+02,2.182960573195403542e-01
1.852631530761718750e+02,2.220319099821241593e-01
1.884210510253906250e+02,2.452273443588147972e-01
1.915789489746093750e+02,2.271204437536944454e-01
1.947368469238281250e+02,2.444572414727208265e-01
1.978947296142578125e+02,2.543095680217484778e-01
2.010526275634765625e+02,2.358628634569306659e-01
2.042105255126953125e+02,2.355334632355358393e-01
2.073684234619140625e+02,2.350413547317776186e-01
2.105263214111328125e+02,2.513344004273287968e-01
2.136842041015625000e+02,2.378544804368906140e-01
2.168421020507812500e+02,2.441625590635347343e-01
2.200000000000000000e+02,2.312349323689017744e-01
2.200000000000000000e+02,2.312349323689017744e-01
2.215789489746093750e+02,2.298511334615533364e-01
2.231578979492187500e+02,2.314195181819690972e-01
2.247368469238281250e+02,2.320544928540994589e-01
2.263157958984375000e+02,2.403986121020172950e-01
2.278947296142578125e+02,2.255463114217290677e-01
2.294736785888671875e+02,2.274629514385521911e-01
2.310526275634765625e+02,2.227705887043693878e-01
2.326315765380859375e+02,2.157663284796529635e-01
2.342105255126953125e+02,2.207649422123432459e-01
2.357894744873046875e+02,2.329691443544449903e-01
2.373684234619140625e+02,2.273218806074831788e-01
2.389473724365234375e+02,2.226629261932839832e-01
2.405263214111328125e+02,2.286961321758372578e-01
2.421052703857421875e+02,2.220893012024852675e-01
2.436842041015625000e+02,2.224604159566304362e-01
2.452631530761718750e+02,2.229341779117131606e-01
2.468421020507812500e+02,2.121230213054778602e-01
2.484210510253906250e+02,2.145952339420585109e-01
2.500000000000000000e+02,2.071817971679445203e-01
2.500000000000000000e+02,2.071817971679444648e-01
2.526315765380859375e+02,2.156709418257301836e-01
2.552631530761718750e+02,2.200563065031228560e-01
2.578947448730468750e+02,2.015659234122550991e-01
2.605263061523437500e+02,2.041082669396167559e-01
2.631578979492187500e+02,2.221924526922024468e-01
2.657894592285156250e+02,2.096858384217426263e-01
2.684210510253906250e+02,2.185546151940547521e-01
2.710526428222656250e+02,2.163123040898946026e-01
2.736842041015625000e+02,2.249335678424996543e-01
2.763157958984375000e+02,2.139208930679738496e-01
2.789473571777343750e+02,2.241961835479016618e-01
2.815789489746093750e+02,2.193994401734117583e-01
2.842105407714843750e+02,2.298037368303559869e-01
2.868421020507812500e+02,2.206185413461997091e-01
2.894736938476562500e+02,2.074234729338970407e-01
2.921052551269531250e+02,2.160321160881247537e-01
2.947368469238281250e+02,2.148079136963984004e-01
2.973684082031250000e+02,2.153057840278306267e-01
3.000000000000000000e+02,1.994933547232436988e-01
3.000000000000000000e+02,1.994933547232436710e-01
3.068965454101562500e+02,2.018283557255115546e-01
3.137930908203125000e+02,2.029485214329004583e-01
3.206896667480468750e+02,2.184476368296198179e-01
3.275862121582031250e+02,2.156864406293946546e-01
3.344827575683593750e+02,2.042885249354789434e-01
3.413793029785156250e+02,1.949289411130791794e-01
3.482758483886718750e+02,1.828485320711540907e-01
3.551724243164062500e+02,2.119199791617835116e-01
3.620689697265625000e+02,2.082477524114639822e-01
3.689655151367187500e+02,1.920476158005550160e-01
3.758620605468750000e+02,1.984100582514891353e-01
3.827586059570312500e+02,1.791285059691940518e-01
3.896551818847656250e+02,1.898658729727638328e-01
3.965517272949218750e+02,1.897399831476211662e-01
4.034482727050781250e+02,1.843192143842139197e-01
4.103448181152343750e+02,1.951872986875880234e-01
4.172413940429687500e+02,1.898475872693444755e-01
4.241379394531250000e+02,1.730466281350513669e-01
4.310344848632812500e+02,1.794248962928663982e-01
4.379310302734375000e+02,1.693665927228373558e-01
4.448275756835937500e+02,1.765417748547007670e-01
4.517241516113281250e+02,1.785917040932348820e-01
4.586206970214843750e+02,1.797874714073335045e-01
4.655172424316406250e+02,1.393491549517233696e-01
4.724137878417968750e+02,1.639964781246698866e-01
4.793103332519531250e+02,1.467855517021433021e-01
4.862069091796875000e+02,1.661110016433534620e-01
4.931034545898437500e+02,1.506736734688484958e-01
5.000000000000000000e+02,1.413750829253949681e-01
5.000000000000000000e+02,1.413750829253949681e-01
5.102040710449218750e+02,1.534710699574908799e-01
5.204081420898437500e+02,1.299519508169565407e-01
5.306122436523437500e+02,1.364643197568498334e-01
5.408163452148437500e+02,1.336043231064350245e-01
5.510203857421875000e+02,1.364820706243600745e-01
5.612244873046875000e+02,1.285028458961705311e-01
5.714285888671875000e+02,1.233510797910834927e-01
5.816326293945312500e+02,1.162584368238725324e-01
5.918367309570312500e+02,1.340761160372773153e-01
6.020408325195312500e+02,1.227716202475855750e-01
6.122448730468750000e+02,1.229692890637954367e-01
6.224489746093750000e+02,1.289675656344214660e-01
6.326530761718750000e+02,1.139634672432746215e-01
6.428571166992187500e+02,1.028291869987488505e-01
6.530612182617187500e+02,1.167742157659676233e-01
6.632653198242187500e+02,1.095673718918777767e-01
6.734693603515625000e+02,1.011056168313799186e-01
6.836734619140625000e+02,1.039391051030747332e-01
6.938775634765625000e+02,9.628013445213313981e-02
7.040816040039062500e+02,1.108481804986439917e-01
7.142857055664062500e+02,8.286425030302947692e-02
7.244898071289062500e+02,9.583071705253495831e-02
7.346938476562500000e+02,8.748538282522043408e-02
7.448979492187500000e+02,1.008762928895965555e-01
7.551020507812500000e+02,9.529283184748073288e-02
7.653061523437500000e+02,8.848664207163017825e-02
7.755101928710937500e+02,8.301429473961782768e-02
7.857142944335937500e+02,8.501746312299014730e-02
7.959183959960937500e+02,8.159633311499026043e-02
8.061224365234375000e+02,7.734817106786853746e-02
8.163265380859375000e+02,6.999065234544950276e-02
8.265306396484375000e+02,6.761315558842533047e-02
8.367346801757812500e+02,8.648573470858093859e-02
8.469387817382812500e+02,7.623688095913530582e-02
8.571428833007812500e+02,9.210618589571308024e-02
8.673469238281250000e+02,7.711107330081787281e-02
8.775510253906250000e+02,7.207404355528111706e-02
8.877551269531250000e+02,6.760597784409712319e-02
8.979591674804687500e+02,6.831508733827795776e-02
9.081632690429687500e+02,7.708063155098221486e-02
9.183673706054687500e+02,9.757014142039190097e-02
9.285714111328125000e+02,6.426834473260141511e-02
9.387755126953125000e+02,5.741730743123905217e-02
9.489796142578125000e+02,6.251090400234350641e-02
9.591836547851562500e+02,7.995622074336826424e-02
9.693877563476562500e+02,7.453710373597949301e-02
9.795918579101562500e+02,7.103885523677345992e-02
9.897958984375000000e+02,6.112165295624835681e-02
1.000000000000000000e+03,6.716638322383731985e-02
1.000000000000000000e+03,6.716638322383731985e-02
1.016949157714843750e+03,8.245445357550579280e-02
1.033898315429687500e+03,5.657212738401384833e-02
1.050847412109375000e+03,6.412759762148034781e-02
1.067796630859375000e+03,7.865443368435375004e-02
1.084745727539062500e+03,6.303265435314689413e-02
1.101694946289062500e+03,5.952134704619752720e-02
1.118644042968750000e+03,7.231365457827308718e-02
1.135593261718750000e+03,7.131305848450551765e-02
1.152542358398437500e+03,5.871605415506682413e-02
1.169491577148437500e+03,6.338906087790492638e-02
1.186440673828125000e+03,5.114286044078275584e-02
1.203389770507812500e+03,6.248320442657204904e-02
1.220338989257812500e+03,5.731773042890538766e-02
1.237288085937500000e+03,6.883164327881403921e-02
1.254237304687500000e+03,5.405848523867726879e-02
1.271186401367187500e+03,5.157225105781958197e-02
1.288135620117187500e+03,5.713441167261484183e-02
1.305084716796875000e+03,5.953076161224821194e-02
1.322033935546875000e+03,5.654824794983762115e-02
1.338983032226562500e+03,4.254066731797194467e-02
1.355932250976562500e+03,6.191480197377139533e-02
1.372881347656250000e+03,5.711534759401927508e-02
1.389830444335937500e+03,5.594052626982101012e-02
1.406779663085937500e+03,6.058323738308130785e-02
1.423728759765625000e+03,5.516365611814295911e-02
1.440677978515625000e+03,4.780223522961806609e-02
1.457627075195312500e+03,4.622998451635991490e-02
1.474576293945312500e+03,4.548285154727910173e-02
1.491525390625000000e+03,5.822045314777227892e-02
1.508474609375000000e+03,4.468333856127843645e-02
1.525423706054687500e+03,4.765316675042285260e-02
1.542372924804687500e+03,4.090769568296127867e-02
1.559322021484375000e+03,4.620834019106833529e-02
1.576271240234375000e+03,4.246732229913649515e-02
1.593220336914062500e+03,4.126604672264183593e-02
1.610169555664062500e+03,3.610809828263846638e-02
1.627118652343750000e+03,4.391049257822208368e-02
1.644067749023437500e+03,4.617677707721300900e-02
1.661016967773437500e+03,4.309125601715534104e-02
1.677966064453125000e+03,4.593491905470294123e-02
1.694915283203125000e+03,4.156878139647959824e-02
1.711864379882812500e+03,5.108494964189085052e-02
1.728813598632812500e+03,4.374368955662636532e-02
1.745762695312500000e+03,4.229456323245043420e-02
1.762711914062500000e+03,4.177859632364840092e-02
1.779661010742187500e+03,4.112585233212507491e-02
1.796610229492187500e+03,5.550492578969039997e-02
1.813559326171875000e+03,3.816233106066065778e-02
1.830508422851562500e+03,4.738606316524927170e-02
1.847457641601562500e+03,4.090735844590216719e-02
1.864406738281250000e+03,5.246710505627300708e-02
1.881355957031250000e+03,2.885244316269053311e-02
1.898305053710937500e+03,3.611579385162687339e-02
1.915254272460937500e+03,3.717461369357605294e-02
1.932203369140625000e+03,3.518817410304860699e-02
1.949152587890625000e+03,4.883808627950179948e-02
1.966101684570312500e+03,3.220267143946936583e-02
1.983050903320312500e+03,4.765098374411161353e-02
2.000000000000000000e+03,4.094543118433611323e-02
