vdT,LSR
# phi1=2, phi2=2pi/3
4.000000059604644775e-01,5.797585006952644671e-01
8.689655065536499023e-01,5.748854628245503307e-01
1.337931036949157715e+00,5.139290582197070245e-01
1.806896567344665527e+00,4.485991685133847162e-01
2.275862216949462891e+00,4.191649994145825175e-01
2.744827747344970703e+00,4.235162260141828727e-01
3.213793277740478516e+00,4.164016956875627451e-01
3.682758808135986328e+00,4.024784189017862612e-01
4.151724338531494141e+00,3.896135621339528732e-01
4.620689868927001953e+00,4.268408008408231535e-01
5.089655399322509766e+00,4.063605678321522419e-01
5.558620929718017578e+00,3.927970606827426714e-01
6.027586460113525391e+00,3.734911282662923826e-01
6.496551990509033203e+00,4.189803293665004813e-01
6.965517520904541016e+00,4.007814731535525588e-01
7.434482574462890625e+00,3.967009765687769529e-01
7.903448104858398438e+00,3.933696228378373849e-01
8.372413635253906250e+00,4.051197120517004424e-01
8.841379165649414062e+00,3.909547237875343750e-01
9.310344696044921875e+00,4.225974955956041668e-01
9.779310226440429688e+00,4.260434298152867560e-01
1.024827575683593750e+01,4.343983664129471567e-01
1.071724128723144531e+01,4.197303483971910332e-01
1.118620681762695312e+01,4.478373455978336137e-01
1.165517234802246094e+01,4.278062874847793351e-01
1.212413787841796875e+01,4.443919124191872960e-01
1.259310340881347656e+01,4.473584102074703583e-01
1.306206893920898438e+01,4.690928493786044040e-01
1.353103446960449219e+01,4.576754600349304258e-01
1.400000000000000000e+01,4.667185757679338520e-01
1.400000000000000000e+01,4.667185757679337965e-01
1.489655208587646484e+01,4.945458368462768428e-01
1.579310321807861328e+01,4.933491086620062638e-01
1.668965530395507812e+01,4.993587110387578964e-01
1.758620643615722656e+01,4.987719605447959448e-01
1.848275947570800781e+01,5.217689338387501152e-01
1.937931060791015625e+01,5.234765802119319966e-01
2.027586174011230469e+01,5.255914151366889442e-01
2.117241287231445312e+01,5.520828206372399016e-01
2.206896591186523438e+01,5.294628186628972388e-01
2.296551704406738281e+01,5.401771399576990040e-01
2.386206817626953125e+01,5.453653662137277758e-01
2.475862121582031250e+01,5.533258785528171186e-01
2.565517234802246094e+01,5.553914084850116728e-01
2.655172348022460938e+01,5.685668041567177866e-01
2.744827651977539062e+01,5.827867967860482779e-01
2.834482765197753906e+01,5.620873211096156785e-01
2.924137878417968750e+01,5.728061791748118026e-01
3.013793182373046875e+01,5.759804840636179035e-01
3.103448295593261719e+01,5.792161427260194007e-01
3.193103408813476562e+01,5.775966022389307231e-01
3.282758712768554688e+01,5.882832794384211805e-01
3.372413635253906250e+01,5.796823251166627333e-01
3.462068939208984375e+01,5.870148041819465146e-01
3.551724243164062500e+01,5.847756457220378845e-01
3.641379165649414062e+01,5.645549745140604481e-01
3.731034469604492188e+01,5.903564374009551141e-01
3.820689773559570312e+01,5.715077185359228595e-01
3.910344696044921875e+01,5.686309654626121590e-01
4.000000000000000000e+01,5.939233512020530847e-01
4.000000000000000000e+01,5.939233512020530847e-01
4.125000000000000000e+01,5.746754030968636018e-01
4.250000000000000000e+01,5.751073197441413098e-01
4.375000000000000000e+01,5.626700942337737876e-01
4.500000000000000000e+01,5.610440610386960847e-01
4.625000000000000000e+01,5.628414109537449583e-01
4.750000000000000000e+01,5.689876813722043458e-01
4.875000000000000000e+01,5.515646317273970034e-01
5.000000000000000000e+01,5.529837715763736838e-01
5.125000000000000000e+01,5.447169603162211882e-01
5.250000000000000000e+01,5.382912135528484798e-01
5.375000000000000000e+01,5.310945641251381133e-01
5.500000000000000000e+01,5.317628101648539385e-01
5.625000000000000000e+01,5.243652045979374510e-01
5.750000000000000000e+01,5.188098335735776834e-01
5.875000000000000000e+01,5.040705594316119420e-01
6.000000000000000000e+01,5.079569153624271527e-01
6.125000000000000000e+01,5.025479876912837263e-01
6.250000000000000000e+01,5.091451031769085311e-01
6.375000000000000000e+01,4.948364255176985194e-01
6.500000000000000000e+01,4.879201822753458373e-01
6.625000000000000000e+01,4.769162009129913615e-01
6.750000000000000000e+01,5.000397030313992186e-01
6.875000000000000000e+01,4.767382624873335861e-01
7.000000000000000000e+01,4.922384552092331500e-01
7.000000000000000000e+01,4.922384552092331500e-01
7.157894897460937500e+01,4.819101638825816769e-01
7.315789794921875000e+01,4.779041577580676048e-01
7.473683929443359375e+01,4.777385049155185581e-01
7.631578826904296875e+01,4.614171899360203777e-01
7.789473724365234375e+01,4.649378638695227939e-01
7.947368621826171875e+01,4.664919570589790010e-01
8.105263519287109375e+01,4.530119571094339825e-01
8.263157653808593750e+01,4.620316226179677632e-01
8.421052551269531250e+01,4.453962598377808613e-01
8.578947448730468750e+01,4.438778726067704739e-01
8.736842346191406250e+01,4.371580010680091721e-01
8.894736480712890625e+01,4.434816293420359989e-01
9.052631378173828125e+01,4.296847317828101365e-01
9.210526275634765625e+01,4.387692202072975278e-01
9.368421173095703125e+01,4.519947723297362829e-01
9.526316070556640625e+01,4.293852021637760141e-01
9.684210205078125000e+01,4.229331962461915784e-01
9.842105102539062500e+01,4.279239338979582419e-01
1.000000000000000000e+02,4.340809918048496030e-01
1.000000000000000000e+02,4.340809918048494920e-01
1.015789489746093750e+02,4.218647878367492998e-01
1.031578979492187500e+02,4.024783528959010592e-01
1.047368392944335938e+02,4.224035322162373873e-01
1.063157882690429688e+02,4.152695012550491338e-01
1.078947372436523438e+02,4.228473361510539652e-01
1.094736862182617188e+02,4.284325463476666984e-01
1.110526351928710938e+02,4.019385778478812288e-01
1.126315765380859375e+02,4.020706189651615525e-01
1.142105255126953125e+02,4.059397769537879674e-01
1.157894744873046875e+02,4.075534685301233639e-01
1.173684234619140625e+02,4.005530786483065819e-01
1.189473648071289062e+02,4.191966602404403885e-01
1.205263137817382812e+02,4.157710138430101843e-01
1.221052627563476562e+02,4.132103546126346116e-01
1.236842117309570312e+02,4.220202067430511295e-01
1.252631607055664062e+02,4.002066709878391304e-01
1.268421020507812500e+02,4.088637892011677821e-01
1.284210510253906250e+02,4.074858828195799809e-01
1.300000000000000000e+02,4.092923064983921555e-01
1.300000000000000000e+02,4.092923064983921555e-01
1.315789489746093750e+02,4.270973304802797021e-01
1.331578979492187500e+02,4.042842775925423182e-01
1.347368469238281250e+02,3.804223765495995391e-01
1.363157958984375000e+02,4.146279547408570632e-01
1.378947296142578125e+02,4.102045074575002004e-01
1.394736785888671875e+02,4.196920759000073442e-01
1.410526275634765625e+02,4.008464661092684955e-01
1.426315765380859375e+02,3.996085010080797084e-01
1.442105255126953125e+02,4.093957486016921998e-01
1.457894744873046875e+02,4.190947393560499612e-01
1.473684234619140625e+02,3.981774926006048654e-01
1.489473724365234375e+02,3.953902292661798934e-01
1.505263214111328125e+02,4.062802035951207924e-01
1.521052703857421875e+02,4.190013930541477971e-01
1.536842041015625000e+02,4.053429606273546426e-01
1.552631530761718750e+02,3.975750660669599146e-01
1.568421020507812500e+02,4.064728241852536561e-01
1.584210510253906250e+02,3.921499941206109119e-01
1.600000000000000000e+02,4.073409983736169804e-01
1.600000000000000000e+02,4.073409983736170359e-01
1.631578979492187500e+02,3.992984172752135907e-01
1.663157958984375000e+02,4.097400405161560899e-01
1.694736785888671875e+02,4.183576000812880280e-01
1.726315765380859375e+02,3.983851623789937402e-01
1.757894744873046875e+02,3.950738440916196081e-01
1.789473724365234375e+02,3.859166552257118910e-01
1.821052703857421875e+02,3.853671654835856275e-01
1.852631530761718750e+02,4.131037076637220640e-01
1.884210510253906250e+02,3.880454448979542836e-01
1.915789489746093750e+02,3.866972893904457864e-01
1.947368469238281250e+02,4.147190802561173673e-01
1.978947296142578125e+02,4.145957923416319080e-01
2.010526275634765625e+02,3.928428281261854838e-01
2.042105255126953125e+02,3.980805359424440804e-01
2.073684234619140625e+02,3.990376733025432499e-01
2.105263214111328125e+02,3.843373705430838116e-01
2.136842041015625000e+02,4.026961385929868631e-01
2.168421020507812500e+02,3.862899081039636862e-01
2.200000000000000000e+02,4.175266270004991953e-01
2.200000000000000000e+02,4.175266270004992508e-01
2.215789489746093750e+02,4.042703403048935606e-01
2.231578979492187500e+02,3.956213923550991884e-01
2.247368469238281250e+02,3.850735201411280006e-01
2.263157958984375000e+02,3.869379682578781288e-01
2.278947296142578125e+02,4.028876888301062276e-01
2.294736785888671875e+02,3.905284016788057033e-01
2.310526275634765625e+02,4.086532077150517583e-01
2.326315765380859375e+02,3.906914315956823702e-01
2.342105255126953125e+02,3.654353543609689670e-01
2.357894744873046875e+02,3.801047874254924741e-01
2.373684234619140625e+02,3.925456773255358578e-01
2.389473724365234375e+02,3.986214273956358300e-01
2.405263214111328125e+02,4.004703379089862847e-01
2.421052703857421875e+02,3.906724288961822000e-01
2.436842041015625000e+02,3.909484475688155825e-01
2.452631530761718750e+02,4.115763891783189576e-01
2.468421020507812500e+02,3.987460980104412522e-01
2.484210510253906250e+02,4.035289941730604291e-01
2.500000000000000000e+02,3.796833485322669843e-01
2.500000000000000000e+02,3.796833485322669843e-01
2.526315765380859375e+02,4.025672406627968103e-01
2.552631530761718750e+02,4.182701826069148421e-01
2.578947448730468750e+02,3.980815799724183868e-01
2.605263061523437500e+02,3.875243007666006601e-01
2.631578979492187500e+02,3.987432599221104046e-01
2.657894592285156250e+02,4.052810735675760334e-01
2.684210510253906250e+02,3.856394504029935222e-01
2.710526428222656250e+02,3.905562291427677746e-01
2.736842041015625000e+02,3.909942850688217786e-01
2.763157958984375000e+02,3.879008992093160857e-01
2.789473571777343750e+02,3.800274008319562968e-01
2.815789489746093750e+02,4.042653311728089394e-01
2.842105407714843750e+02,4.090432181470886053e-01
2.868421020507812500e+02,3.863905889196864729e-01
2.894736938476562500e+02,4.024271009699363355e-01
2.921052551269531250e+02,3.837947655003107195e-01
2.947368469238281250e+02,4.055215836585938094e-01
2.973684082031250000e+02,3.866881057744979699e-01
3.000000000000000000e+02,3.947241396489882814e-01
3.000000000000000000e+02,3.947241396489882259e-01
3.068965454101562500e+02,3.940043367746980385e-01
3.137930908203125000e+02,3.741608421440302257e-01
3.206896667480468750e+02,3.929758776555574151e-01
3.275862121582031250e+02,3.792507510714709373e-01
3.344827575683593750e+02,3.963255957152214126e-01
3.413793029785156250e+02,4.021640192284010040e-01
3.482758483886718750e+02,3.993041703894256167e-01
3.551724243164062500e+02,3.875625141913218163e-01
3.620689697265625000e+02,3.655465806767916881e-01
3.689655151367187500e+02,3.849003738807525443e-01
3.758620605468750000e+02,3.791495475906565549e-01
3.827586059570312500e+02,3.962661956966483934e-01
3.896551818847656250e+02,3.694489431500938004e-01
3.965517272949218750e+02,3.939966056973118746e-01
4.034482727050781250e+02,4.004460257767356035e-01
4.103448181152343750e+02,3.856878352403960708e-01
4.172413940429687500e+02,3.812194271323196548e-01
4.241379394531250000e+02,3.929933790851718456e-01
4.310344848632812500e+02,3.996087146001000567e-01
4.379310302734375000e+02,3.892752113798930713e-01
4.448275756835937500e+02,4.053216970370540628e-01
4.517241516113281250e+02,3.691076505850927059e-01
4.586206970214843750e+02,4.043473608358594817e-01
4.655172424316406250e+02,3.742166223365112065e-01
4.724137878417968750e+02,3.892205934863033345e-01
4.793103332519531250e+02,3.897191595377330620e-01
4.862069091796875000e+02,3.846950473412690807e-01
4.931034545898437500e+02,3.869796767110716407e-01
5.000000000000000000e+02,3.965853977225713978e-01
5.000000000000000000e+02,3.965853977225713978e-01
5.172413940429687500e+02,3.879204497441785526e-01
5.344827880859375000e+02,3.891333385843226411e-01
5.517241210937500000e+02,3.775397158975629108e-01
5.689655151367187500e+02,3.940370750597422256e-01
5.862069091796875000e+02,3.902427265857975613e-01
6.034482421875000000e+02,4.042578119067836706e-01
6.206896362304687500e+02,3.813798852176845111e-01
6.379310302734375000e+02,3.696085953290951243e-01
6.551724243164062500e+02,3.764864949701747232e-01
6.724138183593750000e+02,3.876143112781467726e-01
6.896551513671875000e+02,3.762426605522364298e-01
7.068965454101562500e+02,3.893349608538504425e-01
7.241379394531250000e+02,3.950831223753067389e-01
7.413792724609375000e+02,4.097205821542184156e-01
7.586207275390625000e+02,3.794555488354139361e-01
7.758620605468750000e+02,3.996937298150352036e-01
7.931034545898437500e+02,3.705961105264348188e-01
8.103448486328125000e+02,3.848928697265261434e-01
8.275861816406250000e+02,3.871160285216804220e-01
8.448275756835937500e+02,3.895336359250304858e-01
8.620689697265625000e+02,3.729269413003458711e-01
8.793103637695312500e+02,4.044101461917283813e-01
8.965517578125000000e+02,3.783882732832787310e-01
9.137930908203125000e+02,3.799075659374647751e-01
9.310344848632812500e+02,3.904914308262520950e-01
9.482758789062500000e+02,3.873161194804689567e-01
9.655172119140625000e+02,3.951885079953366131e-01
9.827586059570312500e+02,3.891141900610605719e-01
1.000000000000000000e+03,3.874617098545710681e-01
1.000000000000000000e+03,3.874617098545710681e-01
1.017241394042968750e+03,3.865382309591373078e-01
1.034482788085937500e+03,3.747159516867079043e-01
1.051724121093750000e+03,3.961844862115248000e-01
1.068965576171875000e+03,3.747003640095594723e-01
1.086206909179687500e+03,3.787248991231406681e-01
1.103448242187500000e+03,3.894143573326803720e-01
1.120689697265625000e+03,3.805319366047844043e-01
1.137931030273437500e+03,3.892655074023007589e-01
1.155172363281250000e+03,3.823914231423442556e-01
1.172413818359375000e+03,3.854689020924786380e-01
1.189655151367187500e+03,3.938379399353799104e-01
1.206896484375000000e+03,4.104901564643634315e-01
1.224137939453125000e+03,4.016736976747137811e-01
1.241379272460937500e+03,3.890950234910032779e-01
1.258620727539062500e+03,3.990987693632118694e-01
1.275862060546875000e+03,3.916518712021657134e-01
1.293103515625000000e+03,3.960420646295425007e-01
1.310344848632812500e+03,3.839875864683722773e-01
1.327586181640625000e+03,3.945980978009597795e-01
1.344827636718750000e+03,3.831368515942654152e-01
1.362068969726562500e+03,3.659197275987552400e-01
1.379310302734375000e+03,3.807094312016408577e-01
1.396551757812500000e+03,3.915188114020290988e-01
1.413793090820312500e+03,3.967869008673324260e-01
1.431034423828125000e+03,3.922602105296020825e-01
1.448275878906250000e+03,3.916600831362588298e-01
1.465517211914062500e+03,3.894191030051615265e-01
1.482758666992187500e+03,3.995679386622876805e-01
1.500000000000000000e+03,4.006639145494929610e-01
1.500000000000000000e+03,4.006639145494929610e-01
1.517241333007812500e+03,3.699028125403576728e-01
1.534482788085937500e+03,3.684870839723122238e-01
1.551724121093750000e+03,4.029591477102082431e-01
1.568965576171875000e+03,3.898077694510993507e-01
1.586206909179687500e+03,3.818113462602745756e-01
1.603448242187500000e+03,3.830869042217542320e-01
1.620689697265625000e+03,4.052739383586034250e-01
1.637931030273437500e+03,3.831620706471684512e-01
1.655172363281250000e+03,3.953183128336490437e-01
1.672413818359375000e+03,3.926427713483308657e-01
1.689655151367187500e+03,3.868397966696369150e-01
1.706896484375000000e+03,3.982243759755574319e-01
1.724137939453125000e+03,3.865386934030132782e-01
1.741379272460937500e+03,3.823003947356395926e-01
1.758620727539062500e+03,3.857272211466880041e-01
1.775862060546875000e+03,3.736639989874698808e-01
1.793103515625000000e+03,3.665176526414382630e-01
1.810344848632812500e+03,3.952365761949997447e-01
1.827586181640625000e+03,3.846527702023028183e-01
1.844827636718750000e+03,3.919650383287838769e-01
1.862068969726562500e+03,3.835136465814874551e-01
1.879310302734375000e+03,3.965925548458302807e-01
1.896551757812500000e+03,3.796368819699056929e-01
1.913793090820312500e+03,3.878627542993671184e-01
1.931034423828125000e+03,3.986737482976455693e-01
1.948275878906250000e+03,3.855580317972510107e-01
1.965517211914062500e+03,3.962937752422514004e-01
1.982758666992187500e+03,3.933285129855525475e-01
2.000000000000000000e+03,3.972918216502850930e-01
